      0/99     1.82G     0.167   0.01092         0    0.1779        30       416         0         0         0         0    0.1544  0.009612         0
      1/99     1.84G    0.1562  0.008838         0    0.1651         7       416         0         0         0         0    0.1687  0.007526         0
      2/99     1.84G    0.1541  0.008727         0    0.1628       173       416         0         0         0         0    0.1501  0.008205         0
      3/99     1.84G    0.1526   0.00805         0    0.1606        32       416  0.005868  0.007547 0.0001065 2.772e-05    0.1476  0.009125         0
      4/99     1.84G    0.1471   0.01044         0    0.1576        17       416   0.09305     0.117   0.02774  0.005414    0.1357    0.0137         0
      5/99     1.84G    0.1367   0.01371         0    0.1504        29       416   0.05121   0.08299   0.00963  0.001719     0.132   0.01481         0
      6/99     1.84G    0.1291   0.01514         0    0.1443         5       416    0.2158    0.1887   0.09042   0.01586    0.1195    0.0158         0
      7/99     1.84G    0.1239   0.01643         0    0.1404        30       416   0.08737   0.01981  0.008782  0.001515    0.1464   0.01112         0
      8/99     1.84G    0.1204   0.01779         0    0.1382        15       416    0.1864    0.1349   0.06087   0.01095    0.1168   0.01776         0
      9/99     1.84G    0.1168   0.01834         0    0.1351        22       416     0.263    0.2292    0.1154   0.02567    0.1089   0.01797         0
     10/99     1.84G    0.1138   0.01867         0    0.1324        19       416    0.2828     0.283    0.1636   0.03757    0.1039   0.01789         0
     11/99     1.84G    0.1133   0.01893         0    0.1322        17       416    0.4374    0.2651    0.2304   0.05676     0.103   0.01746         0
     12/99     1.84G    0.1109   0.01902         0    0.1299        16       416    0.2672    0.2443    0.1322   0.02539    0.1067   0.01741         0
     13/99     1.84G      0.11   0.01928         0    0.1293        31       416    0.3434    0.2877    0.1962   0.03612    0.1035   0.01711         0
     14/99     1.84G    0.1086   0.01906         0    0.1277        20       416    0.2349    0.2585    0.1252   0.02745    0.1155   0.01437         0
     15/99     1.84G    0.1061   0.01955         0    0.1257        31       416      0.36    0.2575    0.1897   0.03668    0.1037   0.01669         0
     16/99     1.84G    0.1061   0.01987         0     0.126        22       416     0.404    0.3151    0.2347   0.05952    0.1012   0.01686         0
     17/99     1.84G    0.1051   0.01928         0    0.1243        26       416    0.4924     0.303    0.2914    0.0804   0.09769   0.01718         0
     18/99     1.84G    0.1044   0.01899         0    0.1233        22       416    0.2802    0.2481    0.1478   0.03025    0.1141   0.01499         0
     19/99     1.84G     0.104   0.01965         0    0.1236        36       416    0.5147     0.316    0.2773   0.06619   0.09615   0.01733         0
     20/99     1.84G    0.1028   0.02019         0     0.123         5       416      0.44    0.3311    0.2576   0.06974    0.0963   0.01728         0
     21/99     1.84G    0.1021   0.01998         0     0.122        15       416    0.3383    0.2462    0.1388   0.02502    0.1033   0.01718         0
     22/99     1.84G    0.1027   0.01962         0    0.1223        22       416    0.4293    0.3782    0.3081   0.07594   0.09512   0.01673         0
     23/99     1.84G    0.1003    0.0202         0    0.1205        15       416    0.5019    0.3802    0.3179     0.085   0.09338   0.01719         0
     24/99     1.84G    0.0997   0.02002         0    0.1197        15       416    0.5703    0.3462    0.3467    0.0982   0.09347   0.01698         0
     25/99     1.84G   0.09839   0.02014         0    0.1185        10       416    0.5506     0.366    0.3355   0.08353    0.0921   0.01741         0
     26/99     1.84G    0.0983   0.02021         0    0.1185        23       416    0.5185    0.3226    0.2666   0.07038     0.094   0.01767         0
     27/99     1.84G   0.09895   0.01944         0    0.1184        28       416    0.5157    0.3283    0.2956   0.07709   0.09474   0.01714         0
     28/99     1.84G   0.09818   0.01977         0     0.118        30       416    0.4432      0.35    0.2649   0.06471     0.094   0.01745         0
     29/99     1.84G   0.09703   0.01948         0    0.1165        29       416    0.4535    0.3047    0.2447   0.05913   0.09714   0.01813         0
     30/99     1.84G   0.09608   0.02002         0    0.1161         8       416    0.4253    0.3896    0.3237   0.08659   0.09306   0.01752         0
     31/99     1.84G   0.09662   0.01983         0    0.1164        23       416    0.5699    0.3509    0.3099   0.08383   0.09234   0.01692         0
     32/99     1.84G   0.09615   0.02008         0    0.1162        12       416    0.5201    0.2981    0.2944   0.08529   0.09566   0.01964         0
     33/99     1.84G   0.09702   0.02026         0    0.1173        22       416    0.5204    0.3788    0.3302   0.09532   0.09141   0.01724         0
     34/99     1.84G   0.09481   0.01999         0    0.1148        15       416    0.6428    0.4413    0.4222    0.1278   0.08822   0.01671         0
     35/99     1.84G   0.09618   0.01971         0    0.1159        19       416    0.6062    0.4302    0.4153    0.1251   0.08824    0.0173         0
     36/99     1.84G   0.09572   0.01965         0    0.1154        18       416    0.6018    0.3764    0.3672    0.1028   0.08962   0.01689         0
     37/99     1.84G   0.09487   0.01964         0    0.1145        28       416    0.6541    0.3924    0.3897    0.1176   0.08932   0.01718         0
     38/99     1.84G   0.09443   0.01964         0    0.1141        15       416    0.5848    0.3726    0.3377   0.09507   0.08911   0.01698         0
     39/99     1.84G   0.09491   0.02041         0    0.1153        20       416    0.5717    0.3868    0.3449    0.1059   0.08956   0.01687         0
     40/99     1.84G   0.09451   0.01965         0    0.1142        12       416     0.622    0.3981    0.3929    0.1215   0.08833   0.01711         0
     41/99     1.84G   0.09458   0.02005         0    0.1146        20       416    0.6048    0.4432    0.4214    0.1221   0.08765   0.01669         0
     42/99     1.84G   0.09311   0.01968         0    0.1128        21       416    0.6155    0.4245     0.398    0.1197   0.08806   0.01639         0
     43/99     1.84G   0.09242    0.0195         0    0.1119        11       416    0.6584    0.4151    0.4025     0.114    0.0885   0.01683         0
     44/99     1.84G   0.09301   0.01967         0    0.1127        25       416    0.6404    0.4142    0.4023    0.1142   0.08901   0.01661         0
     45/99     1.84G   0.09309   0.02009         0    0.1132         8       416    0.5928    0.3717    0.3564    0.1022   0.09053   0.01645         0
     46/99     1.84G   0.09391   0.01979         0    0.1137        23       416     0.625    0.3906    0.3713    0.1114   0.08844   0.01665         0
     47/99     1.84G   0.09405   0.01979         0    0.1138        16       416      0.68    0.4264    0.4254     0.128   0.08719   0.01675         0
     48/99     1.84G   0.09222   0.02006         0    0.1123        41       416    0.5768    0.4198    0.3683    0.1128   0.08638   0.01694         0
     49/99     1.84G   0.09189   0.01967         0    0.1116        15       416    0.5749    0.4377    0.3856    0.1212    0.0866   0.01626         0
     50/99     1.84G    0.0932   0.01982         0     0.113        14       416    0.5692    0.4236    0.3857    0.1166   0.08649    0.0168         0
     51/99     1.84G   0.09321   0.01951         0    0.1127        12       416    0.6136    0.4217    0.4008    0.1331   0.08565   0.01653         0
     52/99     1.84G   0.09141   0.02002         0    0.1114        25       416    0.5796    0.4255    0.3744    0.1149   0.08685   0.01623         0
     53/99     1.84G   0.09059   0.01914         0    0.1097        23       416    0.6191    0.4406    0.4326    0.1371   0.08605   0.01644         0
     54/99     1.84G   0.09236   0.01979         0    0.1122        33       416     0.682    0.4104    0.4216    0.1332   0.08595   0.01599         0
     55/99     1.84G   0.09187   0.01997         0    0.1118        13       416    0.6292    0.4245    0.4046    0.1243   0.08605   0.01648         0
     56/99     1.84G   0.09136   0.01973         0    0.1111        15       416    0.6705    0.4319    0.4557    0.1379   0.08596    0.0161         0
     57/99     1.84G   0.09054   0.01956         0    0.1101        14       416    0.6479     0.434    0.4318    0.1376   0.08752   0.01629         0
     58/99     1.84G   0.09029   0.01969         0      0.11        23       416    0.6577    0.4538    0.4613     0.146   0.08466   0.01644         0
     59/99     1.84G   0.09009   0.01982         0    0.1099        25       416    0.5927    0.4448    0.4154    0.1337   0.08654    0.0164         0
     60/99     1.84G   0.08942   0.01915         0    0.1086        26       416    0.5967    0.4566    0.4332    0.1349   0.08636   0.01724         0
     61/99     1.84G   0.08928   0.01902         0    0.1083        12       416    0.6218    0.4613    0.4173    0.1285   0.08576   0.01611         0
     62/99     1.84G   0.08941    0.0194         0    0.1088        20       416    0.6549    0.4377    0.4379    0.1357   0.08546   0.01618         0
     63/99     1.84G   0.08972   0.01936         0    0.1091        20       416    0.6768    0.4566    0.4553    0.1449   0.08458   0.01561         0
     64/99     1.84G   0.08856    0.0192         0    0.1078        19       416    0.6638    0.4566     0.462    0.1517   0.08493   0.01625         0
     65/99     1.84G   0.09004   0.01922         0    0.1093        26       416    0.6698    0.4217    0.4186      0.13   0.08564   0.01642         0
     66/99     1.84G   0.08904   0.01908         0    0.1081        20       416    0.7182    0.4208    0.4319    0.1404   0.08476   0.01597         0
     67/99     1.84G   0.08975   0.01917         0    0.1089        18       416    0.6705    0.4745    0.4668    0.1482   0.08365    0.0166         0
     68/99     1.84G   0.08832   0.01847         0    0.1068        11       416    0.6624    0.4302    0.4255    0.1425   0.08521   0.01581         0
     69/99     1.84G   0.08849   0.01933         0    0.1078        34       416    0.6896    0.4443    0.4649    0.1506   0.08451   0.01607         0
     70/99     1.84G   0.08781   0.01873         0    0.1065        24       416    0.6401    0.4597    0.4393    0.1465   0.08489   0.01586         0
     71/99     1.84G   0.08788    0.0191         0     0.107        29       416    0.6458    0.4644    0.4475    0.1504   0.08327   0.01594         0
     72/99     1.84G   0.08787   0.01917         0     0.107        23       416    0.6785    0.4613    0.4474      0.14   0.08449   0.01569         0
     73/99     1.84G   0.08752   0.01878         0    0.1063        24       416    0.6834    0.4453    0.4568    0.1511   0.08523   0.01594         0
     74/99     1.84G   0.08689   0.01902         0    0.1059        38       416     0.674    0.4602      0.46    0.1512   0.08371   0.01578         0
     75/99     1.84G   0.08652    0.0189         0    0.1054        17       416    0.6512    0.4245    0.4324    0.1363   0.08539   0.01632         0
     76/99     1.84G   0.08775   0.01888         0    0.1066        31       416    0.6961    0.4585     0.477    0.1568   0.08416   0.01561         0
     77/99     1.84G   0.08588   0.01874         0    0.1046        16       416    0.6767    0.4689    0.4599    0.1443   0.08503   0.01621         0
     78/99     1.84G   0.08686   0.01915         0     0.106        15       416    0.7291    0.4726    0.4764    0.1544   0.08386   0.01577         0
     79/99     1.84G   0.08734   0.01871         0     0.106        19       416    0.6748     0.466    0.4612    0.1529   0.08433   0.01614         0
     80/99     1.84G   0.08628   0.01895         0    0.1052        38       416     0.643    0.4745    0.4631    0.1556   0.08369   0.01578         0
     81/99     1.84G   0.08548   0.01861         0    0.1041        42       416    0.6903    0.4642    0.4634    0.1544   0.08348   0.01556         0
     82/99     1.84G   0.08635   0.01886         0    0.1052        24       416    0.6918    0.4998    0.4912    0.1609   0.08238   0.01598         0
     83/99     1.84G    0.0869   0.01916         0    0.1061        14       416    0.6666     0.484    0.4713    0.1544   0.08373   0.01572         0
     84/99     1.84G   0.08601   0.01824         0    0.1042        19       416    0.7107    0.4708    0.4679    0.1551   0.08382   0.01556         0
     85/99     1.84G   0.08539   0.01856         0     0.104        29       416     0.684    0.4696    0.4666    0.1619   0.08313   0.01572         0
     86/99     1.84G   0.08464   0.01841         0     0.103        19       416    0.6699    0.4642    0.4466    0.1495   0.08398   0.01585         0
     87/99     1.84G   0.08488   0.01835         0    0.1032        10       416    0.7114    0.4792    0.4931    0.1629   0.08282    0.0155         0
     88/99     1.84G   0.08622   0.01883         0     0.105        33       416    0.6604    0.5019    0.4811    0.1519    0.0831   0.01565         0
     89/99     1.84G   0.08605   0.01827         0    0.1043        29       416    0.7393    0.4632    0.4845    0.1576   0.08394   0.01554         0
     90/99     1.84G   0.08603   0.01892         0     0.105        24       416    0.7378    0.4752    0.4958     0.171    0.0831   0.01544         0
     91/99     1.84G   0.08478   0.01863         0    0.1034        12       416    0.6678    0.4594     0.463    0.1479   0.08447   0.01557         0
     92/99     1.84G   0.08515   0.01862         0    0.1038        28       416    0.6802    0.4615    0.4654     0.161   0.08223   0.01579         0
     93/99     1.84G   0.08403   0.01882         0    0.1028        27       416    0.6979    0.4802    0.4962    0.1692   0.08267   0.01548         0
     94/99     1.84G   0.08525   0.01893         0    0.1042        27       416    0.6672    0.4906    0.4839    0.1597    0.0835    0.0154         0
     95/99     1.84G   0.08452   0.01795         0    0.1025        14       416    0.7036    0.4905       0.5    0.1689   0.08255   0.01553         0
     96/99     1.84G   0.08692   0.01848         0    0.1054        12       416    0.7277    0.4774    0.5096    0.1735   0.08295   0.01549         0
     97/99     1.84G   0.08552   0.01848         0     0.104        16       416    0.7119    0.4896    0.4997    0.1734   0.08302   0.01557         0
     98/99     1.84G   0.08411    0.0187         0    0.1028        13       416    0.6927    0.4849    0.4997     0.163   0.08352   0.01563         0
     99/99     1.84G   0.08441     0.019         0    0.1034        50       416    0.7312    0.4736    0.4915    0.1641   0.08325   0.01533         0
